decay_rate: 0.00001365318931810465
discount_factor: 0.9667723749009698
learning_rate: 0.15880410563742526
max_epsilon: 0.9903152234843329
min_epsilon: 0.05043210980473525
